<?xml version="1.0"?>
<opencv_storage>
<D1 type_id="opencv-matrix">
  <rows>1</rows>
  <cols>5</cols>
  <dt>d</dt>
  <data>
    -1.2100311168358618e-01 -1.6563009536765993e-02 0. 0.
    1.7266528714192594e-01</data></D1>
</opencv_storage>
