<?xml version="1.0"?>
<opencv_storage>
<D2 type_id="opencv-matrix">
  <rows>1</rows>
  <cols>5</cols>
  <dt>d</dt>
  <data>
    -1.2655525211484228e-01 -6.8929770709490260e-02 0. 0.
    3.5160543858173848e-01</data></D2>
</opencv_storage>
