<?xml version="1.0"?>
<opencv_storage>
<M1 type_id="opencv-matrix">
  <rows>3</rows>
  <cols>3</cols>
  <dt>d</dt>
  <data>
    5.9831095567335171e+02 0. 2.8899148295123928e+02 0.
    5.9831095567335171e+02 2.2721705205395202e+02 0. 0. 1.</data></M1>
</opencv_storage>
