<?xml version="1.0"?>
<opencv_storage>
<R1 type_id="opencv-matrix">
  <rows>3</rows>
  <cols>3</cols>
  <dt>d</dt>
  <data>
    9.9993320824674536e-01 6.6094180726254167e-03
    -9.4812782952634726e-03 -6.5852615774395547e-03
    9.9997499697855952e-01 2.5767707865577390e-03 9.4980721900646565e-03
    -2.5141619818563670e-03 9.9995173164218343e-01</data></R1>
</opencv_storage>
