<?xml version="1.0"?>
<opencv_storage>
<R2 type_id="opencv-matrix">
  <rows>3</rows>
  <cols>3</cols>
  <dt>d</dt>
  <data>
    9.9996256925080340e-01 8.3279472530269731e-03
    -2.3463571516584361e-03 -8.3338930004085085e-03
    9.9996205736622834e-01 -2.5357553820454905e-03
    2.3251504876200739e-03 2.5552147562644179e-03 9.9999403225857264e-01</data></R2>
</opencv_storage>
