<?xml version="1.0"?>
<opencv_storage>
<D1 type_id="opencv-matrix">
  <rows>1</rows>
  <cols>5</cols>
  <dt>d</dt>
  <data>
    -1.2100311386899688e-01 -1.6562986952710742e-02 0. 0.
    1.7266524399336725e-01</data></D1>
</opencv_storage>
