<?xml version="1.0"?>
<opencv_storage>
<D2 type_id="opencv-matrix">
  <rows>1</rows>
  <cols>5</cols>
  <dt>d</dt>
  <data>
    -1.2655525353446451e-01 -6.8929756807706383e-02 0. 0.
    3.5160543121405397e-01</data></D2>
</opencv_storage>
