<?xml version="1.0"?>
<opencv_storage>
<M1 type_id="opencv-matrix">
  <rows>3</rows>
  <cols>3</cols>
  <dt>d</dt>
  <data>
    5.9831095881824160e+02 0. 2.8899148151477669e+02 0.
    5.9831095881824160e+02 2.2721705429569516e+02 0. 0. 1.</data></M1>
</opencv_storage>
