<?xml version="1.0"?>
<opencv_storage>
<M2 type_id="opencv-matrix">
  <rows>3</rows>
  <cols>3</cols>
  <dt>d</dt>
  <data>
    5.9831095881824160e+02 0. 3.3176760137309640e+02 0.
    5.9831095881824160e+02 2.4006679967395655e+02 0. 0. 1.</data></M2>
</opencv_storage>
