<?xml version="1.0"?>
<opencv_storage>
<R1 type_id="opencv-matrix">
  <rows>3</rows>
  <cols>3</cols>
  <dt>d</dt>
  <data>
    9.9993320823905163e-01 6.6094178409558495e-03
    -9.4812792681641667e-03 -6.5852613414875841e-03
    9.9997499697961800e-01 2.5767709788505622e-03 9.4980731636250485e-03
    -2.5141621699468321e-03 9.9995173163246309e-01</data></R1>
</opencv_storage>
