<?xml version="1.0"?>
<opencv_storage>
<R2 type_id="opencv-matrix">
  <rows>3</rows>
  <cols>3</cols>
  <dt>d</dt>
  <data>
    9.9996256924528149e-01 8.3279471916067882e-03
    -2.3463597229453413e-03 -8.3338929459761037e-03
    9.9996205736622679e-01 -2.5357555615997140e-03
    2.3251530574698483e-03 2.5552149570990399e-03 9.9999403225208416e-01</data></R2>
</opencv_storage>
