%YAML:1.0
calibration_time: "Tue Oct 13 17:01:16 2015"
nframes: 1
image_width: 640
image_height: 480
board_width: 8
board_height: 7
square_size: 2.2500000000000000e+00
flags: 0
camera_matrix: !!opencv-matrix
   rows: 3
   cols: 3
   dt: d
   data: [ 5.1695343689203855e+02, 0., 3.4426200344022743e+02, 0.,
       5.1977026217545597e+02, 2.5468416763603344e+02, 0., 0., 1. ]
distortion_coefficients: !!opencv-matrix
   rows: 5
   cols: 1
   dt: d
   data: [ -1.3286123287129989e-01, -1.2190246693320634e+00,
       -5.0955456688404248e-03, -1.6067470658829956e-03,
       3.1932005245489337e+00 ]
avg_reprojection_error: 6.0740142140443154e-01
per_view_reprojection_errors: !!opencv-matrix
   rows: 1
   cols: 1
   dt: f
   data: [ 6.07401431e-01 ]
# a set of 6-tuples (rotation vector + translation vector) for each view
extrinsic_parameters: !!opencv-matrix
   rows: 1
   cols: 6
   dt: d
   data: [ -4.3751889984932524e-01, -2.9485976869098551e-01,
       -1.7641345535187314e+00, -4.4279400164566294e+00,
       7.6012736479145380e+00, 2.0015330836373238e+01 ]
image_points: !!opencv-matrix
   rows: 1
   cols: 56
   dt: "2f"
   data: [ 2.35305161e+02, 4.40259521e+02, 2.27001358e+02,
       3.90845032e+02, 2.21943604e+02, 3.38499023e+02, 2.15852173e+02,
       2.94330627e+02, 2.11617523e+02, 2.48109680e+02, 2.08730881e+02,
       2.10326187e+02, 2.06737320e+02, 1.70933105e+02, 2.05035675e+02,
       1.39161057e+02, 2.88526917e+02, 4.31672974e+02, 2.79633362e+02,
       3.78691467e+02, 2.71654572e+02, 3.28055420e+02, 2.64438019e+02,
       2.80782745e+02, 2.58226471e+02, 2.37176071e+02, 2.53051529e+02,
       1.97059570e+02, 2.48226746e+02, 1.60484314e+02, 2.44293777e+02,
       1.26993507e+02, 3.42885193e+02, 4.20652588e+02, 3.32199249e+02,
       3.67218292e+02, 3.22134064e+02, 3.16366913e+02, 3.12968628e+02,
       2.69159454e+02, 3.04730408e+02, 2.25608810e+02, 2.97345795e+02,
       1.85711578e+02, 2.90686493e+02, 1.49286285e+02, 2.84714539e+02,
       1.16294334e+02, 3.98444550e+02, 4.07911957e+02, 3.85910706e+02,
       3.54802429e+02, 3.73940643e+02, 3.04144135e+02, 3.62675690e+02,
       2.57187836e+02, 3.52230225e+02, 2.13818237e+02, 3.42754944e+02,
       1.74430969e+02, 3.34110657e+02, 1.38260101e+02, 3.26149902e+02,
       1.05719513e+02, 4.53682831e+02, 3.94321411e+02, 4.39536285e+02,
       3.41586212e+02, 4.25551514e+02, 2.91527649e+02, 4.12353821e+02,
       2.45010468e+02, 3.99857788e+02, 2.02298325e+02, 3.88269043e+02,
       1.63409729e+02, 3.77368408e+02, 1.27793747e+02, 3.67578644e+02,
       9.56671143e+01, 5.07689880e+02, 3.79711334e+02, 4.91835449e+02,
       3.27833221e+02, 4.76292145e+02, 2.78676056e+02, 4.61261200e+02,
       2.33171494e+02, 4.46840332e+02, 1.91197815e+02, 4.33172577e+02,
       1.52910187e+02, 4.20527374e+02, 1.17947418e+02, 4.08574646e+02,
       8.63781586e+01, 5.59300903e+02, 3.64592743e+02, 5.42389221e+02,
       3.13805756e+02, 5.25282898e+02, 2.65947449e+02, 5.08659180e+02,
       2.21371063e+02, 4.92472748e+02, 1.80428589e+02, 4.77097168e+02,
       1.42905319e+02, 4.62555817e+02, 1.08737297e+02, 4.48964050e+02,
       7.78183517e+01 ]
