%YAML:1.0
calibration_time: "Sat Nov 29 15:12:35 2014"
nframes: 5
image_width: 640
image_height: 480
board_width: 7
board_height: 7
square_size: 2.2500000000000000e+00
flags: 0
camera_matrix: !!opencv-matrix
   rows: 3
   cols: 3
   dt: d
   data: [ 6.8573485130636516e+02, 0., 3.2313487811550647e+02, 0.,
       6.7589702893238780e+02, 2.3022610206654969e+02, 0., 0., 1. ]
distortion_coefficients: !!opencv-matrix
   rows: 5
   cols: 1
   dt: d
   data: [ 1.3160273196124309e-01, -2.1509030614110394e+00,
       4.2573344103785183e-03, -2.0594898282911256e-03,
       9.2191027454967518e+00 ]
avg_reprojection_error: 2.9841986619343880e-01
per_view_reprojection_errors: !!opencv-matrix
   rows: 5
   cols: 1
   dt: f
   data: [ 2.33731464e-01, 2.46222168e-01, 2.46341228e-01,
       3.62787277e-01, 3.71103376e-01 ]
# a set of 6-tuples (rotation vector + translation vector) for each view
extrinsic_parameters: !!opencv-matrix
   rows: 5
   cols: 6
   dt: d
   data: [ -6.1691655646478294e-01, 8.2115299079131709e-01,
       1.7887233332346029e+00, 9.1065993916671530e+00,
       -2.1675497332201688e+00, 4.0274178743000803e+01,
       -7.9681238127832665e-01, 2.4447520609332224e-02,
       1.1686249999850924e-01, -4.8850340369084080e+00,
       -5.9233372808135671e+00, 3.9281212410123516e+01,
       -6.9937144801996554e-01, 4.8091217396839837e-02,
       1.4071959797838682e-01, -4.4245520496139532e+00,
       -6.8100906364936753e+00, 3.6087462226743732e+01,
       -6.8517692526353047e-01, -5.9333861707393476e-01,
       -1.3356270464702327e+00, -5.3993748974873892e+00,
       -1.2609350820741139e+00, 3.6084489067741806e+01,
       -6.3441219975023486e-02, 1.2636228267446974e+00,
       2.7706460706167997e+00, 8.4335527031607658e+00,
       1.8845272137452298e+00, 3.3111083038741292e+01 ]
image_points: !!opencv-matrix
   rows: 5
   cols: 49
   dt: "2f"
   data: [ 4.78198242e+02, 1.93938736e+02, 4.71269775e+02,
       2.15469345e+02, 4.63809723e+02, 2.38954269e+02, 4.55547729e+02,
       2.64564911e+02, 4.46486633e+02, 2.93578918e+02, 4.36387146e+02,
       3.24978119e+02, 4.25250214e+02, 3.59576416e+02, 4.40601532e+02,
       1.85587402e+02, 4.32256287e+02, 2.06591171e+02, 4.22837891e+02,
       2.29480225e+02, 4.13011047e+02, 2.53962936e+02, 4.02005890e+02,
       2.81902496e+02, 3.89810455e+02, 3.12127411e+02, 3.76215973e+02,
       3.45361816e+02, 4.03923859e+02, 1.77401367e+02, 3.94115540e+02,
       1.97884079e+02, 3.83422882e+02, 2.20012253e+02, 3.71611267e+02,
       2.44126129e+02, 3.58934875e+02, 2.70552216e+02, 3.44871887e+02,
       2.99493042e+02, 3.29451843e+02, 3.31565887e+02, 3.68419861e+02,
       1.68708099e+02, 3.57212921e+02, 1.88916489e+02, 3.44923767e+02,
       2.10600342e+02, 3.31717346e+02, 2.33807251e+02, 3.17296356e+02,
       2.59485687e+02, 3.01398560e+02, 2.87521454e+02, 2.83541962e+02,
       3.18682922e+02, 3.33583557e+02, 1.61357910e+02, 3.21116425e+02,
       1.80585510e+02, 3.07597565e+02, 2.01427338e+02, 2.92896667e+02,
       2.24093750e+02, 2.76723969e+02, 2.48192734e+02, 2.59222443e+02,
       2.75885590e+02, 2.39669525e+02, 3.05849396e+02, 2.99681274e+02,
       1.53819397e+02, 2.86061157e+02, 1.72550446e+02, 2.71369995e+02,
       1.92809784e+02, 2.55153549e+02, 2.14567993e+02, 2.37590302e+02,
       2.38234207e+02, 2.18456207e+02, 2.64799316e+02, 1.97122131e+02,
       2.93695099e+02, 2.66734283e+02, 1.46697205e+02, 2.52037384e+02,
       1.64915939e+02, 2.36000214e+02, 1.84371475e+02, 2.18614258e+02,
       2.05673660e+02, 1.99684586e+02, 2.28923935e+02, 1.78804611e+02,
       2.54237076e+02, 1.55869400e+02, 2.81782440e+02, 2.37632690e+02,
       1.28482101e+02, 2.76534332e+02, 1.31470947e+02, 3.15712158e+02,
       1.34717453e+02, 3.55284912e+02, 1.37793579e+02, 3.95095520e+02,
       1.41965347e+02, 4.34931122e+02, 1.45423584e+02, 4.75312500e+02,
       1.48832382e+02, 2.29259567e+02, 1.52241699e+02, 2.69826172e+02,
       1.55431046e+02, 3.10678375e+02, 1.58862152e+02, 3.51807343e+02,
       1.62659210e+02, 3.93411530e+02, 1.66617096e+02, 4.35282501e+02,
       1.70115402e+02, 4.77277649e+02, 1.73680313e+02, 2.20437119e+02,
       1.77899399e+02, 2.62628693e+02, 1.81460861e+02, 3.05333923e+02,
       1.85195816e+02, 3.48294617e+02, 1.89383362e+02, 3.91618835e+02,
       1.93376923e+02, 4.35420563e+02, 1.97293655e+02, 4.79261230e+02,
       2.01030533e+02, 2.10543961e+02, 2.05746307e+02, 2.54671829e+02,
       2.09878876e+02, 2.99368500e+02, 2.14095184e+02, 3.44361237e+02,
       2.18293152e+02, 3.89830841e+02, 2.22782135e+02, 4.35468170e+02,
       2.26673904e+02, 4.81704193e+02, 2.30661377e+02, 1.99496323e+02,
       2.37047440e+02, 2.45812897e+02, 2.40647415e+02, 2.92768127e+02,
       2.44985184e+02, 3.40020050e+02, 2.50334259e+02, 3.87578583e+02,
       2.55009125e+02, 4.35594604e+02, 2.59787720e+02, 4.84004272e+02,
       2.64409088e+02, 1.87341171e+02, 2.71230835e+02, 2.36275909e+02,
       2.75770020e+02, 2.85474213e+02, 2.80455780e+02, 3.35312714e+02,
       2.85491760e+02, 3.85298126e+02, 2.90509491e+02, 4.35857178e+02,
       2.95877167e+02, 4.86871826e+02, 3.00849274e+02, 1.74074631e+02,
       3.08759338e+02, 2.25473480e+02, 3.13972992e+02, 2.77204651e+02,
       3.19385010e+02, 3.29763214e+02, 3.24797791e+02, 3.82651215e+02,
       3.30266754e+02, 4.35794586e+02, 3.35934570e+02, 4.89886414e+02,
       3.41613342e+02, 2.38877991e+02, 1.02951820e+02, 2.80877686e+02,
       1.06583771e+02, 3.23630371e+02, 1.10534294e+02, 3.66750305e+02,
       1.14363579e+02, 4.10122284e+02, 1.19373039e+02, 4.54191101e+02,
       1.23691658e+02, 4.98492310e+02, 1.28068893e+02, 2.28835266e+02,
       1.30811508e+02, 2.72716064e+02, 1.34898865e+02, 3.16995697e+02,
       1.39358124e+02, 3.61906830e+02, 1.43908905e+02, 4.07248138e+02,
       1.48833282e+02, 4.53393372e+02, 1.53300552e+02, 4.99444427e+02,
       1.57921936e+02, 2.18184998e+02, 1.60907425e+02, 2.63786133e+02,
       1.65599686e+02, 3.10021362e+02, 1.70415070e+02, 3.56852173e+02,
       1.75524857e+02, 4.04241455e+02, 1.80630569e+02, 4.52141907e+02,
       1.85535583e+02, 5.00688202e+02, 1.90584305e+02, 2.06440842e+02,
       1.93992081e+02, 2.53910812e+02, 1.98988770e+02, 3.02279114e+02,
       2.04498398e+02, 3.51217499e+02, 2.09903992e+02, 4.00714355e+02,
       2.15464066e+02, 4.50930420e+02, 2.20514481e+02, 5.01627625e+02,
       2.25789963e+02, 1.93272430e+02, 2.30524185e+02, 2.43154938e+02,
       2.35588989e+02, 2.93661194e+02, 2.40978485e+02, 3.45088989e+02,
       2.47561600e+02, 3.97145477e+02, 2.53726456e+02, 4.49614288e+02,
       2.59784454e+02, 5.02783417e+02, 2.65920258e+02, 1.78976273e+02,
       2.70272614e+02, 2.31287155e+02, 2.76405457e+02, 2.84383606e+02,
       2.82619415e+02, 3.38319000e+02, 2.89145569e+02, 3.92932800e+02,
       2.95713837e+02, 4.48357269e+02, 3.02638672e+02, 5.04236206e+02,
       3.09322906e+02, 1.62874466e+02, 3.14285400e+02, 2.18175827e+02,
       3.21083435e+02, 2.73841766e+02, 3.28169403e+02, 3.30554504e+02,
       3.35427155e+02, 3.88207367e+02, 3.42592407e+02, 4.46141876e+02,
       3.50047302e+02, 5.05433838e+02, 3.57468018e+02, 2.20036652e+02,
       2.06858063e+02, 2.30561951e+02, 1.81202606e+02, 2.40405930e+02,
       1.57679031e+02, 2.49000977e+02, 1.35513962e+02, 2.57324646e+02,
       1.15617645e+02, 2.64787994e+02, 9.70629807e+01, 2.71792938e+02,
       7.96823654e+01, 2.62183655e+02, 2.10629288e+02, 2.70946350e+02,
       1.84631241e+02, 2.78880737e+02, 1.61069977e+02, 2.86225281e+02,
       1.39357758e+02, 2.92901306e+02, 1.18542259e+02, 2.99212341e+02,
       9.95359116e+01, 3.04909119e+02, 8.17841797e+01, 3.04596344e+02,
       2.14492889e+02, 3.11606171e+02, 1.88245987e+02, 3.17811188e+02,
       1.64379044e+02, 3.23730591e+02, 1.42079605e+02, 3.28922577e+02,
       1.21538506e+02, 3.33813568e+02, 1.02430527e+02, 3.38355286e+02,
       8.45034790e+01, 3.47795441e+02, 2.17586288e+02, 3.52736755e+02,
       1.91537842e+02, 3.57437134e+02, 1.67729706e+02, 3.61527313e+02,
