%YAML:1.0
R: !!opencv-matrix
   rows: 3
   cols: 3
   dt: d
   data: [ 9.9975845095190496e-01, 5.2938882826014519e-03,
       -2.1331068822231136e-02, -4.9129106094233984e-03,
       9.9982819093396547e-01, 1.7873218038668509e-02,
       2.1422022770766564e-02, -1.7764103145537783e-02,
       9.9961269178609546e-01 ]
T: !!opencv-matrix
   rows: 3
   cols: 1
   dt: d
   data: [ -3.3385294493423108e+00, 4.8752220126203567e-02,
       -1.0621619859073463e-01 ]
R1: !!opencv-matrix
   rows: 3
   cols: 3
   dt: d
   data: [ 9.9989926242370719e-01, -9.8656318803976763e-03,
       1.0204622096230881e-02, 9.7747176646699897e-03,
       9.9991243188731072e-01, 8.9209557660652507e-03,
       -1.0291739362342523e-02, -8.8203097907378607e-03,
       9.9990813689863189e-01 ]
R2: !!opencv-matrix
   rows: 3
   cols: 3
   dt: d
   data: [ 9.9938783465942627e-01, -1.4593963134385940e-02,
       3.1795788632703693e-02, 1.4875487776311888e-02,
       9.9985206173967311e-01, -8.6356527455384163e-03,
       -3.1665056421237917e-02, 9.1033441633783397e-03,
       9.9945707928198846e-01 ]
P1: !!opencv-matrix
   rows: 3
   cols: 4
   dt: d
   data: [ 4.2656306371218102e+02, 0., 3.2185712814331055e+02, 0., 0.,
       4.2656306371218102e+02, 2.4122907257080078e+02, 0., 0., 0., 1.,
       0. ]
P2: !!opencv-matrix
   rows: 3
   cols: 4
   dt: d
   data: [ 4.2656306371218102e+02, 0., 3.2185712814331055e+02,
       -1.4249656647962929e+03, 0., 4.2656306371218102e+02,
       2.4122907257080078e+02, 0., 0., 0., 1., 0. ]
Q: !!opencv-matrix
   rows: 4
   cols: 4
   dt: d
   data: [ 1., 0., 0., -3.2185712814331055e+02, 0., 1., 0.,
       -2.4122907257080078e+02, 0., 0., 0., 4.2656306371218102e+02, 0.,
       0., 2.9934971364602014e-01, 0. ]
