%YAML:1.0
R: !!opencv-matrix
   rows: 3
   cols: 3
   dt: d
   data: [ 9.9936746204031746e-01, -3.5457122921293244e-02,
       2.7328097699595624e-03, 3.5405072926240982e-02,
       9.9922521487654203e-01, 1.7188681334409747e-02,
       -3.3401536165336902e-03, -1.7081053511789880e-02,
       9.9984852902064392e-01 ]
T: !!opencv-matrix
   rows: 3
   cols: 1
   dt: d
   data: [ 1.4915914797250982e+00, 7.1627171480721036e-02,
       -6.9080285854126094e-02 ]
R1: !!opencv-matrix
   rows: 3
   cols: 3
   dt: d
   data: [ 9.9900157520619348e-01, 1.3287846089025538e-02,
       -4.2653087600531464e-02, -1.2906062898563603e-02,
       9.9987426156967651e-01, 9.2138260756479528e-03,
       4.2770156371032375e-02, -8.6541433318577995e-03,
       9.9904745609364776e-01 ]
R2: !!opencv-matrix
   rows: 3
   cols: 3
   dt: d
   data: [ 9.9778195722144158e-01, 4.7914124156461985e-02,
       -4.6210416030030739e-02, -4.8325384288263593e-02,
       9.9880100728865462e-01, -7.8233670858777159e-03,
       4.5780160296148169e-02, 1.0039150635780647e-02,
       9.9890109238991776e-01 ]
P1: !!opencv-matrix
   rows: 3
   cols: 4
   dt: d
   data: [ -1.1375372525952339e+03, 0., -1.0208333396911621e+04, 0., 0.,
       -1.1375372525952339e+03, 8.5150565719604492e+02, 0., 0., 0., 1.,
       0. ]
P2: !!opencv-matrix
   rows: 3
   cols: 4
   dt: d
   data: [ -1.1375372525952339e+03, 0., -1.0208333396911621e+04,
       -1.7005126837189175e+03, 0., -1.1375372525952339e+03,
       8.5150565719604492e+02, 0., 0., 0., 1., 0. ]
Q: !!opencv-matrix
   rows: 4
   cols: 4
   dt: d
   data: [ 1., 0., 0., 1.0208333396911621e+04, 0., 1., 0.,
       -8.5150565719604492e+02, 0., 0., 0., -1.1375372525952339e+03, 0.,
       0., -6.6893782297907312e-01, 0. ]
