%YAML:1.0
M1: !!opencv-matrix
   rows: 3
   cols: 3
   dt: d
   data: [ 6.5144560156097111e+02, 0., 3.2694097635551230e+02, 0.,
       6.5144560156097111e+02, 3.0757335527223358e+02, 0., 0., 1. ]
D1: !!opencv-matrix
   rows: 1
   cols: 8
   dt: d
   data: [ -1.5325071736849294e-01, 1.9079146312402491e+00, 0., 0., 0.,
       0., 0., 7.4233693466120139e+00 ]
M2: !!opencv-matrix
   rows: 3
   cols: 3
   dt: d
   data: [ 6.5144560156097111e+02, 0., 3.4893053502059394e+02, 0.,
       6.5144560156097111e+02, 2.5178134660294472e+02, 0., 0., 1. ]
D2: !!opencv-matrix
   rows: 1
   cols: 8
   dt: d
   data: [ -1.4027240559794316e-01, 3.2026944151187959e+00, 0., 0., 0.,
       0., 0., 1.9565629216673408e+01 ]
