%YAML:1.0
M1: !!opencv-matrix
   rows: 3
   cols: 3
   dt: d
   data: [ 5.3471329864936877e+02, 0., 3.3513862810964139e+02, 0.,
       5.3471329864936877e+02, 2.4020611040859993e+02, 0., 0., 1. ]
D1: !!opencv-matrix
   rows: 1
   cols: 8
   dt: d
   data: [ -2.7456944935995026e-01, -1.8313834447981191e-02, 0., 0., 0.,
       0., 0., -2.4476922515418523e-01 ]
M2: !!opencv-matrix
   rows: 3
   cols: 3
   dt: d
   data: [ 5.3471329864936877e+02, 0., 3.3401540087342732e+02, 0.,
       5.3471329864936877e+02, 2.4159046514541154e+02, 0., 0., 1. ]
D2: !!opencv-matrix
   rows: 1
   cols: 8
   dt: d
   data: [ -2.8073640150533669e-01, 9.3010457488512804e-02, 0., 0., 0.,
       0., 0., 1.6329804830385181e-02 ]
