<?xml version="1.0"?>
<opencv_storage>
<Q type_id="opencv-matrix">
  <rows>4</rows>
  <cols>4</cols>
  <dt>d</dt>
  <data>
    1. 0. 0. -2.9614990234375000e+02 0. 1. 0. -2.3373302459716797e+02 0.
    0. 0. 5.6446761694393422e+02 0. 0. 1.2701309644796588e-01
    4.6655897314809502e+00</data></Q>
</opencv_storage>
